14,11,13,18,15,16,16,9,12,13,12,15,12,5001,23,22,13,13,12,7,14,14,13,16,12,6,12,14,13,15,True,27.833
21,58,14,25,15,50,12,46,14,26,15,12,True,27.732
14,18,45,33,13,12,13,17,14,22,15,11,True,27.297
15,13,39,17,14,13,15,23,16,14,14,13,12,30,14,20,15,16,15,32,14,32,16,28,True,27.145
43,11,12,88,13,12,42,9,15,104,13,13,True,27.27
14,86,35,8,12,19,16,17,15,8,15,15,17,14,13,8,13,14,True,27.519
14,16,11,10,12,13,14,20,13,9,11,12,True,26.22
24,40,12,7,42,14,12,39,13,6,11,14,12,13,13,10,13,13,13,10,13,10,12,13,13,13,12,45,14,33,15,13,13,65,16,13,True,26.016
16,9,12,14,14,13,14,10,43,13,12,12,True,27.306
15,7,13,46,13,15,14,7,13,49,15,15,True,26.406
14,9,44,16,40,13,16,11,12,12,12,13,True,27.583
14,108,16,67,15,13,17,77,14,54,15,42,True,26.183
15,8,13,8,12,13,14,9,12,8,34,14,True,31.974
14,19,12,9,43,14,14,20,15,8,12,15,16,110,13,13,11,51,32,90,14,12,13,12,12,33,13,83,14,15,14,29,14,75,13,13,True,26.588
17,46,16,7,13,35,13,31,14,8,12,15,16,9,12,10,16,12,46,9,12,10,15,12,12,18,12,7,12,15,53,18,12,7,15,14,14,8,12,14,14,12,43,11,15,10,12,12,True,30.103
12,33,16,15,19,14,21,23,13,10,12,13,15,18,13,9,13,13,15,19,14,10,13,12,15,5001,12,22,14,13,13,39,14,9,12,14,13,55,17,7,12,14,True,26.559
15,8,11,11,11,14,13,8,43,9,15,12,True,27.96
15,67,14,11,14,15,12,71,14,11,13,12,True,27.173
14,7,13,13,20,12,14,8,13,11,12,11,True,26.821
