7,7,2,8,2,2,2,7,3,7,2,2,3,19,2,8,3,2,2,18,2,8,5,2,True,25.358
8,18,2,9,3,3,2,19,3,9,2,3,3,5001,2,6,2,6,7,8,2,20,2,2,4,35,4,9,3,2,True,24.58
3,10,4,5001,3,2,6,7,2,7,2,2,9,7,3,6,2,2,True,29.33
3,6,8,7,2,6,2,7,2,6,8,2,True,25.309
2,10,2,7,3,6,6,11,2,7,2,2,True,27.016
2,16,3,7,2,2,5,16,3,6,6,2,True,25.954
9,7,3,8,2,2,2,7,3,8,2,8,True,25.222
3,7,2,7,3,2,3,8,2,6,6,8,True,25.827
2,10,2,7,2,6,3,11,2,6,2,2,2,9,2,8,10,2,2,11,2,7,2,3,True,25.732
3,8,2,7,2,3,2,7,3,9,2,2,True,25.328
3,16,4,8,3,2,2,6,2,7,4,3,True,24.175
3,10,2,8,3,3,3,9,2,7,3,3,3,8,3,7,2,3,True,26.261
8,7,2,7,2,8,9,7,2,7,2,2,True,25.945
3,9,2,7,3,2,3,8,3,7,3,3,True,24.564
3,7,2,8,2,2,3,10,2,6,2,2,True,24.691
6,7,3,6,2,3,8,7,3,7,2,2,True,24.502
2,8,7,9,2,3,4,7,3,8,2,2,True,26.633
3,8,3,9,3,4,7,8,3,6,3,3,True,25.441
2,13,2,6,3,3,2,13,4,6,2,2,4,6,2,14,8,3,2,6,2,9,3,2,True,25.166
