1,5,1,6,1,1,1,5,1,6,2,1,2,5,1,5,1,2,1,6,2,6,2,4,True,25.754
1,6,3,5,4,1,3,5,2,6,1,1,True,25.719
1,5,1,6,2,5,2,6,1,6,1,1,True,24.571
1,6,1,5,2,2,1,6,4,5,1,1,True,24.422
2,5,2,6,4,3,1,6,4,7,1,1,True,23.427
1,5,2,5,2,2,3,8,1,7,1,1,True,24.571
2,5,1,6,2,2,1,6,1,6,2,5,1,7,2,7,2,2,4,6,2,6,2,1,2,6,1,6,2,1,1,6,1,4,1,2,True,24.704
1,5,2,5,2,1,2,6,1,6,1,1,1,6,3,6,2,3,4,7,2,7,2,1,True,24.193
1,6,2,5,2,1,2,7,1,6,2,1,2,5,2,5,2,1,1,7,1,5,4,4,True,24.323
1,6,2,7,2,2,1,6,1,5,1,1,True,24.288
4,6,2,8,2,1,5,6,1,5,2,1,True,24.762
1,5,1,7,1,2,2,5,1,6,2,1,2,5,1,5,1,1,5,5,1,6,2,1,True,24.641
1,6,2,7,2,2,1,5,1,6,1,2,True,23.926
1,6,1,5,1,2,2,5,1,5,1,5,True,23.461
5,5,1,6,1,2,2,5,4,5,1,2,True,24.198
2,6,1,8,1,2,2,6,2,5,2,1,1,6,3,5,3,2,2,6,1,5,2,1,True,25.348
5,6,1,5,2,2,1,5,2,6,1,1,True,24.577
1,6,1,6,6,1,1,6,1,5,6,2,True,24.447
2,5,2,5,1,6,2,7,1,7,2,2,True,24.487
