8,8,6,15,7,5,7,10,6,15,19,7,6,25,6,9,5,5,5,28,6,7,5,5,5,8,5,7,5,6,6,9,5,8,5,6,20,6,6,22,5,6,6,7,14,17,6,6,True,23.986
9,14,16,28,6,5,6,20,7,29,13,6,6,22,7,18,5,6,10,22,7,16,17,5,True,24.628
6,9,5,7,5,6,7,8,15,9,6,6,True,24.877
6,7,6,9,5,20,24,8,5,8,5,24,True,27.863
6,8,5,8,5,5,7,8,6,8,5,6,5,9,5,5001,5,5,6,17,6,8,13,7,26,16,6,11,7,6,True,25.256
7,44,7,8,12,6,5,30,6,7,5,5,6,23,5,19,18,5,6,25,6,15,5,5,True,26.151
6,10,5,10,6,6,6,13,6,11,5,5,7,8,6,7,18,7,5,8,6,7,12,6,True,25.656
6,7,19,13,6,6,6,7,8,15,6,6,True,26.208
6,14,6,7,5,7,20,19,11,7,5,6,7,29,16,7,6,6,27,25,5,7,5,5,7,7,6,9,6,5,6,9,6,12,6,13,True,25.073
7,10,5,8,6,6,6,11,7,14,6,6,True,27.027
7,12,19,9,6,6,6,18,7,7,5,7,True,27.954
7,29,6,9,6,5,8,23,6,9,5,5,6,9,8,8,5,6,6,7,5,9,7,5,True,27.734
7,36,6,7,5,13,6,34,6,8,5,6,6,6,5,21,7,9,5,7,5,7,6,26,6,8,7,7,5,5,True,25.968
6,23,6,24,7,6,5,23,7,24,6,6,6,8,6,35,6,5,6,9,5,36,8,6,True,27.202
5,8,6,10,6,7,25,10,6,8,6,6,True,25.078
8,8,6,43,5,6,7,10,7,52,5,5,6,7,18,6,6,6,7,8,6,8,6,18,True,26.266
6,21,7,9,5,6,6,21,7,8,6,6,True,28.687
6,10,5,33,5,20,6,8,5,20,6,6,6,7,6,9,6,6,6,9,5,10,7,5,True,27.201
6,7,5,9,5,6,6,6,19,11,5,6,True,25.109
