9,7,7,13,3,9,4,6,4,6,6,3,4,7,4,6,3,3,3,7,3,26,4,3,4,7,4,27,14,4,4,25,9,6,4,4,12,22,4,5,3,3,True,24.12
4,7,3,7,4,4,4,7,3,7,4,12,4,10,4,6,4,4,3,10,4,7,3,7,True,25.318
4,15,12,7,12,3,3,16,4,6,3,3,True,25.406
5,6,4,10,6,4,4,6,9,7,4,3,True,24.648
4,8,4,7,4,4,10,35,4,6,4,4,3,22,4,6,8,4,True,27.043
5,8,4,19,5,9,4,7,10,18,4,12,4,9,3,7,6,3,3,7,3,8,4,3,True,25.268
4,7,12,9,3,3,4,6,4,7,4,3,True,25.612
4,8,4,8,4,3,4,9,4,7,13,4,True,26.27
4,8,3,9,4,3,4,8,3,7,4,4,True,25.863
5,7,4,11,4,3,3,6,3,17,3,9,True,25.959
3,7,3,5,4,3,3,7,4,7,12,4,True,24.058
7,10,3,8,4,4,4,7,3,6,3,7,14,6,13,6,10,4,True,25.062
13,6,15,8,3,9,4,8,4,7,3,4,4,7,4,6,11,9,14,9,3,6,12,6,3,13,4,12,4,4,4,13,5,11,3,9,4,9,4,21,4,3,4,11,3,29,3,3,3,8,4,12,4,4,3,6,4,13,5,4,True,26.189
8,8,4,7,3,4,4,10,6,6,4,14,True,26.601
4,25,3,18,3,3,9,15,4,18,4,4,True,25.765
4,8,3,7,7,12,3,7,4,6,4,3,True,25.386
4,7,4,5001,4,3,4,7,3,6,4,3,3,6,4,5,4,5,True,25.649
14,18,11,6,4,4,4,14,4,6,6,3,True,25.072
4,19,3,8,3,4,4,11,3,7,3,4,True,25.68
