189,45,214,39,171,204,190,40,214,47,147,156,161,27,153,224,154,155,168,39,184,198,152,162,161,140,186,22,144,201,161,133,191,22,145,151,165,15,147,122,151,162,164,19,148,19,175,150,163,95,157,59,192,156,171,97,162,49,151,151,161,29,148,5001,144,150,169,88,160,34,154,156,161,87,171,30,156,157,165,30,150,41,148,193,164,30,183,26,179,207,171,22,151,5001,146,154,166,287,157,14,154,203,208,299,173,19,147,170,True,28.947
174,260,155,18,146,156,177,284,184,27,143,151,160,62,166,43,150,165,164,60,159,27,150,161,162,15,161,21,151,151,172,14,150,21,146,154,True,29.511
164,59,158,30,151,146,164,65,159,25,150,152,165,5001,151,46,142,154,166,13,152,28,153,150,172,228,154,27,147,152,165,24,152,5001,147,150,166,13,149,25,144,151,165,14,199,42,189,179,162,122,161,24,147,161,198,122,155,26,147,164,True,27.866
160,19,155,86,158,186,159,18,150,86,155,196,160,27,151,22,151,161,163,77,155,12,158,152,163,38,192,29,149,156,171,48,149,25,151,192,True,29.475
167,28,152,5001,182,152,183,104,152,28,145,153,173,103,159,37,147,152,174,41,152,71,160,152,173,30,168,67,154,203,True,31.024
172,13,208,14,199,205,184,18,153,18,182,156,164,5001,152,17,142,157,174,37,161,95,172,154,166,29,156,97,162,152,True,30.362
166,130,162,18,150,154,161,147,162,25,145,157,162,16,149,16,143,155,165,22,152,15,172,156,True,27.957
169,5001,152,17,147,157,168,19,152,99,190,163,163,20,153,96,157,159,162,21,151,23,190,153,166,88,154,14,159,177,165,98,161,16,159,150,174,23,152,5001,164,169,205,41,156,79,160,170,182,58,180,77,172,176,171,36,185,33,201,159,187,23,150,51,197,155,True,28.007
178,292,170,18,147,174,180,280,161,20,164,174,194,22,158,19,157,157,177,15,200,25,212,210,181,20,151,24,160,199,181,27,197,39,204,152,169,34,153,14,147,150,167,22,169,89,191,164,167,21,247,78,175,167,174,16,167,327,160,171,190,19,159,313,167,161,181,20,175,200,168,179,179,169,168,45,169,259,199,153,169,49,157,162,180,49,157,27,172,164,192,56,165,49,192,172,194,19,165,22,205,162,175,18,167,21,147,179,168,173,173,16,155,164,167,184,170,17,165,168,180,25,156,25,163,153,182,26,199,29,156,172,184,27,158,13,194,218,True,30.105
175,15,227,17,156,170,172,15,170,26,171,160,175,332,180,18,162,316,181,317,159,30,167,174,181,29,188,26,158,162,166,29,202,115,176,150,216,41,156,117,167,180,171,37,165,15,172,160,179,5001,156,30,153,198,180,23,167,45,160,161,175,22,199,34,204,177,177,18,163,18,149,166,177,18,147,27,149,170,True,30.633
188,43,164,24,154,172,170,29,155,24,174,160,166,29,160,27,156,233,175,93,170,38,195,215,168,122,188,29,172,164,197,27,205,153,155,159,177,28,170,148,159,171,200,5001,191,161,151,197,176,264,173,17,213,169,166,289,161,27,210,161,True,29.318
182,176,160,5001,146,157,165,23,166,15,168,169,236,24,194,13,182,169,162,108,170,13,157,169,180,22,166,23,157,216,173,32,160,100,168,179,214,30,166,101,195,162,161,148,169,41,158,169,189,167,169,40,159,197,177,29,163,139,169,148,184,29,152,148,185,166,162,26,163,286,173,228,182,20,162,294,198,159,True,30.468
245,23,176,29,145,159,178,28,166,19,173,173,True,30.493
174,5001,168,14,214,168,191,16,152,5001,144,351,202,16,196,109,150,166,227,24,189,103,166,176,True,29.623
205,33,214,23,166,172,217,33,180,19,212,213,True,30.528
175,28,177,5001,158,157,200,20,158,11,158,160,181,21,154,29,210,191,True,31.429
177,176,166,23,157,166,322,188,165,39,202,185,185,5001,175,35,170,155,223,135,199,15,153,202,183,133,166,45,289,150,True,31.986
277,21,207,113,172,233,179,5001,151,26,146,216,183,137,169,27,152,164,222,116,166,45,211,172,208,188,164,40,146,170,180,168,169,34,158,170,True,32.424
191,329,166,21,155,158,184,330,158,18,164,160,183,108,210,14,161,161,179,125,209,26,164,216,181,34,184,29,176,170,223,37,210,30,150,176,162,29,163,31,152,172,265,28,207,19,192,189,175,49,170,29,193,164,167,45,161,31,169,181,177,5001,163,19,149,153,166,5001,171,15,202,157,164,31,167,30,165,152,223,22,153,239,164,168,184,22,193,225,189,175,177,37,166,33,153,166,229,26,163,22,159,168,165,14,196,37,167,157,182,22,239,39,204,158,160,27,148,35,153,163,182,19,152,33,193,215,True,31.053
